1.459000
1.097000
1.008000
0.921000
0.839000
0.786000
0.775000
0.765000
0.739000
0.715000
0.678000
0.689000
0.669000
0.663000
0.645000
0.635000
0.619000
0.621000
0.623000
0.573000
0.562000
0.561000
0.566000
0.564000
0.514000
0.517000
0.519000
0.521000
0.485000
0.493000
0.442000
0.424000
0.405000
0.396000
0.415000
0.405000
0.388000
0.398000
0.328000
0.370000
0.315000
0.300000
0.261000
0.365000
0.262000
0.268000
0.224000
0.264000
0.291000
0.246000
0.222000
0.230000
0.195000
0.277000
0.263000
0.199000
0.199000
0.187000
0.190000
0.165000
0.216000
0.205000
0.192000
0.206000
0.216000
0.213000
0.155000
0.192000
0.148000
0.145000
0.208000
0.145000
0.135000
0.175000
0.134000
0.164000
0.170000
0.145000
0.174000
0.168000
0.220000
0.143000
0.134000
0.136000
0.179000
0.202000
0.153000
0.141000
0.130000
0.160000
0.222000
0.210000
0.149000
0.163000
0.142000
0.220000
0.152000
0.185000
0.148000
0.171000
0.209000
0.137000
0.158000
0.222000
0.142000
0.142000
0.180000
0.123000
0.195000
0.138000
0.199000
0.156000
0.117000
0.171000
0.135000
0.128000
0.173000
0.155000
0.183000
0.139000
0.187000
0.118000
0.169000
0.156000
0.133000
0.156000
0.167000
0.133000
0.148000
0.137000
0.128000
0.121000
0.125000
0.138000
0.203000
0.116000
0.137000
0.128000
0.125000
0.101000
0.093000
0.168000
0.125000
0.105000
0.100000
0.225000
0.093000
0.134000
0.240000
0.111000
0.136000
0.138000
0.120000
0.180000
0.148000
0.107000
0.110000
0.128000
0.110000
0.097000
0.117000
0.160000
0.119000
0.087000
0.142000
0.120000
0.117000
0.072000
0.093000
0.089000
0.101000
0.100000
0.108000
0.108000
0.092000
0.082000
0.131000
0.102000
0.116000
0.074000
0.086000
0.108000
0.115000
0.125000
0.137000
0.128000
0.089000
0.102000
0.126000
0.122000
0.096000
0.147000
0.115000
0.085000
0.097000
0.089000
0.126000
0.201000
0.126000
0.129000
0.118000
0.084000
0.112000
0.166000
0.145000
0.110000
0.109000
0.084000
0.145000
0.129000
0.089000
0.112000
0.086000
0.107000
0.102000
0.120000
0.078000
0.134000
0.044000
0.092000
0.117000
0.087000
0.123000
0.079000
0.086000
0.091000
0.063000
0.111000
0.118000
0.139000
0.095000
0.108000
0.070000
0.104000
0.087000
0.089000
0.104000
0.097000
0.105000
0.154000
0.053000
0.050000
0.132000
0.063000
0.149000
0.082000
0.070000
0.107000
0.066000
0.084000
0.088000
0.093000
0.116000
0.108000
0.058000
0.043000
0.083000
0.052000
0.088000
0.064000
0.065000
0.109000
0.084000
0.128000
0.114000
0.071000
0.088000
0.057000
0.130000
0.101000
0.070000
0.097000
0.093000
0.107000
0.089000
0.110000
0.067000
0.072000
0.090000
0.072000
0.063000
0.069000
0.108000
0.075000
0.072000
0.049000
0.151000
0.098000
0.107000
0.103000
0.118000
0.080000
0.065000
0.065000
0.073000
0.049000
0.067000
0.087000
0.087000
0.115000
0.103000
0.071000
0.119000
0.051000
0.062000
0.088000
0.068000
0.104000
0.083000
0.063000
0.069000
0.075000
0.074000
0.073000
0.057000
0.112000
0.129000
0.067000
0.053000
0.073000
0.106000
0.070000
0.082000
0.076000
0.068000
0.072000
0.085000
0.066000
0.073000
0.051000
0.089000
0.072000
0.079000
0.126000
0.106000
0.076000
0.083000
0.061000
0.103000
0.106000
0.087000
0.083000
0.060000
0.074000
0.062000
0.103000
0.105000
0.038000
0.047000
0.079000
0.072000
0.050000
0.063000
0.043000
0.053000
0.068000
0.065000
0.052000
0.073000
0.060000
0.053000
0.076000
0.106000
0.066000
0.066000
0.064000
0.079000
0.052000
0.057000
0.057000
0.067000
0.070000
0.076000
0.073000
0.059000
0.057000
0.079000
0.072000
0.034000
0.089000
0.128000
0.063000
0.079000
0.097000
0.062000
0.060000
0.069000
0.076000
0.052000
0.060000
0.054000
0.076000
0.087000
0.043000
0.042000
0.046000
0.054000
0.049000
0.052000
0.052000
0.107000
0.030000
0.065000
0.068000
0.065000
0.045000
0.055000
0.073000
0.046000
0.071000
0.032000
0.046000
0.050000
0.058000
0.073000
0.064000
0.089000
0.125000
0.040000
0.089000
0.054000
0.047000
0.069000
0.057000
0.109000
0.064000
0.064000
0.071000
0.069000
0.080000
0.105000
0.054000
0.063000
0.074000
0.066000
0.058000
0.095000
0.028000
0.046000
0.069000
0.057000
0.071000
0.037000
0.046000
0.072000
0.045000
0.043000
0.058000
0.050000
0.032000
0.060000
0.056000
0.080000
0.052000
0.083000
0.065000
0.060000
0.036000
0.064000
0.127000
0.045000
0.045000
0.120000
0.080000
0.054000
0.054000
0.044000
0.062000
0.069000
0.078000
0.045000
0.113000
0.051000
0.067000
0.054000
0.056000
0.038000
0.052000
0.060000
0.058000
0.049000
0.082000
0.064000
0.050000
0.073000
0.051000
0.053000
0.059000
0.049000
0.063000
0.048000
0.046000
0.051000
0.061000
0.074000
0.074000
0.080000
0.071000
0.042000
0.075000
0.045000
0.079000
0.071000
0.080000
0.033000
0.055000
0.039000
0.096000
0.069000
0.058000
0.018000
0.053000
0.043000
0.070000
0.064000
0.085000
0.055000
0.072000
0.046000
0.056000
0.076000
0.039000
0.049000
0.047000
0.048000
0.054000
0.053000
0.063000
0.082000
0.037000
0.032000
0.035000
0.047000
0.053000
0.064000
0.083000
0.039000
0.060000
0.049000
0.058000
0.047000
0.044000
0.089000
0.052000
0.035000
0.034000
0.036000
0.090000
0.047000
0.054000
0.039000
0.046000
0.076000
0.041000
0.036000
0.042000
0.036000
0.062000
0.041000
0.060000
0.037000
0.075000
0.076000
0.052000
0.054000
0.058000
0.033000
0.052000
0.049000
0.077000
0.085000
0.057000
0.047000
0.033000
0.037000
0.048000
0.054000
0.089000
0.042000
0.091000
0.053000
0.042000
0.057000
0.034000
0.063000
0.057000
0.048000
0.045000
0.042000
0.048000
0.051000
0.061000
0.047000
0.035000
0.049000
0.044000
0.037000
0.069000
0.074000
0.057000
0.051000
0.044000
0.075000
0.041000
0.084000
0.067000
0.061000
0.084000
0.104000
0.059000
0.051000
0.071000
0.062000
0.081000
0.041000
0.063000
0.037000
0.080000
0.050000
0.054000
0.078000
0.038000
0.058000
0.053000
0.078000
0.038000
0.045000
0.058000
0.045000
0.050000
0.041000
0.076000
0.050000
0.048000
0.046000
0.055000
0.036000
0.042000
0.065000
0.062000
0.044000
0.055000
0.066000
0.049000
0.041000
0.029000
0.100000
0.061000
0.033000
0.045000
0.039000
0.046000
0.078000
0.050000
0.049000
0.040000
0.032000
0.070000
0.061000
0.045000
0.070000
0.092000
0.088000
0.043000
0.044000
0.056000
0.058000
0.040000
0.041000
0.042000
0.037000
0.050000
0.037000
0.084000
0.049000
0.032000
0.036000
0.059000
0.049000
0.044000
0.039000
0.062000
0.049000
0.035000
0.039000
0.036000
0.081000
0.031000
0.042000
0.055000
0.043000
0.053000
0.071000
0.058000
0.042000
0.046000
0.027000
0.048000
0.037000
0.057000
0.042000
0.040000
0.077000
0.037000
0.046000
0.032000
0.037000
0.030000
0.037000
0.033000
0.052000
0.093000
0.029000
0.054000
0.056000
0.036000
0.031000
0.040000
0.033000
0.033000
0.057000
0.023000
0.054000
0.041000
0.058000
0.040000
0.054000
0.041000
0.043000
0.057000
