4.402000
3.155000
1.806000
1.519000
1.131000
1.169000
0.901000
0.919000
0.760000
0.709000
0.685000
0.675000
0.621000
0.612000
0.621000
0.613000
0.574000
0.605000
0.559000
0.552000
0.562000
0.538000
0.530000
0.535000
0.529000
0.529000
0.539000
0.523000
0.518000
0.514000
0.511000
0.518000
0.504000
0.511000
0.503000
0.500000
0.501000
0.500000
0.493000
0.494000
0.487000
0.486000
0.482000
0.480000
0.478000
0.477000
0.471000
0.467000
0.463000
0.461000
0.461000
0.451000
0.446000
0.439000
0.435000
0.436000
0.425000
0.421000
0.406000
0.409000
0.395000
0.395000
0.389000
0.383000
0.362000
0.355000
0.351000
0.352000
0.334000
0.328000
0.322000
0.307000
0.351000
0.293000
0.269000
0.282000
0.297000
0.277000
0.267000
0.270000
0.250000
0.242000
0.253000
0.206000
0.216000
0.221000
0.212000
0.199000
0.222000
0.192000
0.189000
0.178000
0.191000
0.170000
0.168000
0.161000
0.188000
0.164000
0.198000
0.175000
0.180000
0.158000
0.162000
0.145000
0.163000
0.153000
0.146000
0.148000
0.150000
0.153000
0.154000
0.156000
0.152000
0.161000
0.150000
0.146000
0.143000
0.161000
0.165000
0.166000
0.149000
0.148000
0.148000
0.190000
0.132000
0.162000
0.153000
0.134000
0.170000
0.125000
0.153000
0.146000
0.150000
0.137000
0.152000
0.157000
0.158000
0.145000
0.130000
0.152000
0.141000
0.137000
0.142000
0.169000
0.121000
0.170000
0.142000
0.138000
0.132000
0.123000
0.164000
0.166000
0.137000
0.131000
0.149000
0.151000
0.142000
0.123000
0.145000
0.148000
0.132000
0.128000
0.149000
0.137000
0.142000
0.129000
0.144000
0.137000
0.137000
0.143000
0.136000
0.153000
0.126000
0.163000
0.138000
0.122000
0.146000
0.165000
0.167000
0.133000
0.150000
0.127000
0.153000
0.130000
0.169000
0.130000
0.135000
0.130000
0.154000
0.124000
0.173000
0.132000
0.133000
0.148000
0.129000
0.146000
0.158000
0.135000
0.125000
0.156000
0.151000
0.143000
0.134000
0.134000
0.144000
0.164000
0.124000
0.145000
0.161000
0.128000
0.139000
0.132000
0.127000
0.139000
0.152000
0.142000
0.135000
0.126000
0.114000
0.141000
0.144000
0.144000
0.143000
0.129000
0.115000
0.131000
0.130000
0.140000
0.142000
0.132000
0.133000
0.119000
0.147000
0.123000
0.115000
0.133000
0.126000
0.121000
0.135000
0.128000
0.139000
0.143000
0.120000
0.120000
0.142000
0.118000
0.115000
0.160000
0.125000
0.147000
0.126000
0.122000
0.163000
0.127000
0.145000
0.123000
0.139000
0.135000
0.177000
0.150000
0.138000
0.125000
0.131000
0.131000
0.146000
0.117000
0.128000
0.137000
0.141000
0.148000
0.140000
0.114000
0.126000
0.141000
0.121000
0.116000
0.109000
0.101000
0.128000
0.133000
0.143000
0.118000
0.117000
0.110000
0.116000
0.128000
0.146000
0.118000
0.119000
0.150000
0.111000
0.127000
0.136000
0.118000
0.125000
0.115000
0.103000
0.131000
0.124000
0.151000
0.117000
0.113000
0.116000
0.113000
0.127000
0.104000
0.115000
0.108000
0.119000
0.121000
0.139000
0.112000
0.103000
0.115000
0.131000
0.130000
0.112000
0.107000
0.108000
0.100000
0.116000
0.130000
0.093000
0.095000
0.104000
0.101000
0.109000
0.093000
0.114000
0.104000
0.109000
0.089000
0.101000
0.104000
0.101000
0.105000
0.095000
0.102000
0.118000
0.084000
0.105000
0.089000
0.095000
0.083000
0.096000
0.092000
0.113000
0.073000
0.090000
0.099000
0.087000
0.071000
0.102000
0.075000
0.074000
0.093000
0.102000
0.070000
0.085000
0.090000
0.086000
0.076000
0.091000
0.099000
0.047000
0.082000
0.068000
0.071000
0.095000
0.084000
0.067000
0.070000
0.078000
0.083000
0.076000
0.079000
0.069000
0.076000
0.071000
0.105000
0.071000
0.065000
0.074000
0.061000
0.075000
0.072000
0.079000
0.075000
0.066000
0.093000
0.065000
0.074000
0.073000
0.078000
0.085000
0.082000
0.074000
0.066000
0.088000
0.071000
0.071000
0.069000
0.065000
0.086000
0.069000
0.061000
0.055000
0.061000
0.069000
0.061000
0.057000
0.077000
0.062000
0.081000
0.060000
0.045000
0.072000
0.068000
0.083000
0.068000
0.059000
0.048000
0.069000
0.059000
0.064000
0.050000
0.054000
0.055000
0.071000
0.057000
0.053000
0.064000
0.064000
0.064000
0.068000
0.058000
0.064000
0.061000
0.085000
0.054000
0.053000
0.081000
0.061000
0.057000
0.054000
0.059000
0.063000
0.053000
0.065000
0.051000
0.061000
0.067000
0.073000
0.056000
0.055000
0.075000
0.052000
0.045000
0.050000
0.057000
0.065000
0.039000
0.049000
0.054000
0.056000
0.058000
0.065000
0.065000
0.048000
0.045000
0.087000
0.052000
0.044000
0.047000
0.051000
0.064000
0.052000
0.052000
0.073000
0.043000
0.049000
0.052000
0.055000
0.050000
0.042000
0.052000
0.046000
0.049000
0.048000
0.054000
0.049000
0.053000
0.046000
0.041000
0.048000
0.049000
0.044000
0.049000
0.051000
0.049000
0.047000
0.066000
0.049000
0.044000
0.059000
0.058000
0.042000
0.072000
0.035000
0.037000
0.055000
0.041000
0.042000
0.053000
0.066000
0.049000
0.052000
0.050000
0.047000
0.055000
0.055000
0.048000
0.050000
0.041000
0.038000
0.040000
0.045000
0.041000
0.041000
0.062000
0.037000
0.053000
0.043000
0.065000
0.036000
0.048000
0.041000
0.041000
0.038000
0.048000
0.046000
0.052000
0.040000
0.045000
0.051000
0.046000
0.044000
0.049000
0.055000
0.074000
0.037000
0.039000
0.034000
0.050000
0.047000
0.050000
0.051000
0.042000
0.043000
0.040000
0.051000
0.044000
0.050000
0.037000
0.055000
0.032000
0.040000
0.042000
0.045000
0.029000
0.036000
0.038000
0.031000
0.059000
0.049000
0.040000
0.048000
0.038000
0.071000
0.058000
0.027000
0.048000
0.045000
0.028000
0.051000
0.044000
0.051000
0.047000
0.055000
0.041000
0.043000
0.046000
0.042000
0.040000
0.037000
0.033000
0.032000
0.032000
0.049000
0.047000
0.051000
0.046000
0.049000
0.043000
0.045000
0.035000
0.044000
0.047000
0.046000
0.032000
0.049000
0.036000
0.039000
0.052000
0.041000
0.046000
0.042000
0.036000
0.041000
0.041000
0.035000
0.039000
0.041000
0.040000
0.033000
0.040000
0.044000
0.034000
0.034000
0.042000
0.045000
0.031000
0.043000
0.042000
0.037000
0.038000
0.034000
0.029000
0.031000
0.050000
0.031000
0.044000
0.039000
0.044000
0.047000
0.035000
0.044000
0.037000
0.035000
0.031000
0.048000
0.051000
0.037000
0.040000
0.037000
0.042000
0.025000
0.037000
0.042000
0.050000
0.037000
0.055000
0.035000
0.041000
0.034000
0.039000
0.036000
0.048000
0.032000
0.042000
0.033000
0.027000
0.036000
0.040000
0.035000
0.046000
0.038000
0.036000
0.035000
0.034000
0.039000
0.027000
0.029000
0.046000
0.048000
0.041000
0.031000
0.037000
0.031000
0.032000
0.039000
0.032000
0.038000
0.052000
0.035000
0.045000
0.034000
0.033000
0.036000
0.039000
0.033000
0.042000
0.044000
0.035000
0.041000
0.051000
0.055000
0.042000
0.032000
0.051000
0.032000
0.049000
0.030000
0.043000
0.040000
0.030000
0.040000
0.050000
0.035000
0.040000
0.036000
0.037000
0.048000
0.037000
0.033000
0.029000
0.041000
0.029000
0.031000
0.028000
